35
AF009507.1 0.0000000 2.8030363 5.1050465 4.4985761 4.4637853 5.6858314 8.9999990 8.9999988 8.9999988 8.9999980 8.9999983 8.9999986 8.9999984 8.9999990 8.9999981 8.9999989 8.9999984 8.9999984 8.9999982 8.9999985 8.9999980 8.9999981 8.9999983 8.9999983 8.9999982 8.9999985 8.9999989 8.9999985 8.9999983 8.9999987 8.9999986 8.9999982 8.9999985 8.9999986 8.9999981 
AF009509.1 2.8030363 0.0000000 3.9952951 3.5497839 4.4182610 3.9590681 5.2332295 8.9999981 8.9999987 8.9999985 8.9999988 8.9999989 8.9999988 8.9999982 8.9999985 8.9999982 8.9999987 8.9999988 8.9999981 8.9999989 8.9999983 8.9999984 8.9999986 8.9999982 8.9999981 8.9999988 8.9999983 8.9999984 8.9999989 8.9999989 8.9999986 8.9999989 8.9999985 8.9999985 8.9999987 
AF009495.1 5.1050465 3.9952951 0.0000000 0.0000010 1.3115855 3.6158911 3.5123262 5.8852979 4.4619941 8.9999982 4.1898384 8.9999983 8.9999983 5.6029230 5.6029230 5.6029230 8.9999988 6.0950328 8.9999989 6.1027534 8.9999986 8.9999984 8.9999986 5.9103072 5.9103072 5.9103072 4.5960454 3.9442333 4.4980790 4.5960454 4.5960454 5.9103072 8.6676648 8.9999981 8.9999989 
AF009501.1 4.4985761 3.5497839 0.0000010 0.0000000 0.8695720 2.4254691 2.6591435 4.4411301 3.6844139 4.9556635 3.6664060 4.4077163 4.4077163 4.3754620 4.3754620 4.3754620 4.1603820 5.8004892 5.1398671 6.5857563 4.5021141 4.4653603 4.5021141 6.6703686 5.3037421 5.0216957 3.8245300 4.0337746 4.6289653 3.8245300 4.2758286 5.4079531 8.9999986 8.9999990 8.9999982 
AF009497.1 4.4637853 4.4182610 1.3115855 0.8695720 0.0000000 3.2664801 3.0294590 3.9760909 3.4665909 4.2273325 5.0110361 5.8443077 5.8384328 3.9022311 3.8646921 3.8557701 5.1884490 4.6991523 5.1936565 4.7654418 5.9581208 5.8534196 6.1863254 4.6989728 4.3806195 4.3522263 3.6603204 3.7515742 4.2425780 3.5374766 3.8584755 4.3954052 4.9467591 4.4096176 8.9999981 
AF009482.1 5.6858314 3.9590681 3.6158911 2.4254691 3.2664801 0.0000000 0.6308706 8.9999986 8.9999987 8.9999990 3.7041050 3.2194065 3.1982637 8.9999986 8.9999982 8.9999989 3.4388193 8.9999982 8.9999983 8.9999983 3.2200096 3.4970730 3.2200096 8.9999982 8.9999983 8.9999989 8.9999989 8.9999988 8.9999986 8.9999987 8.9999984 8.9999984 8.9999983 8.9999981 8.9999985 
AF009484.1 8.9999990 5.2332295 3.5123262 2.6591435 3.0294590 0.6308706 0.0000000 0.6429483 0.6501703 1.5942246 2.0110559 0.8120398 0.8120398 1.3568535 1.3568535 1.3568535 1.0913650 1.7041868 1.3219110 8.9999982 0.9608566 1.1098218 0.9608566 8.9999990 2.2702506 3.4719139 1.1322401 8.9999983 2.6921008 1.1322401 1.4913556 2.5904224 5.1490217 3.4954936 8.9999989 
AF009476.1 8.9999988 8.9999981 5.8852979 4.4411301 3.9760909 8.9999986 0.6429483 0.0000000 0.0844322 0.3003132 0.7908342 0.2566671 0.3065406 0.2804109 0.1878594 0.2869924 0.4661488 0.2624753 0.5075589 0.5069160 0.4613810 0.5504167 0.3902567 0.2611540 0.2258325 0.5746056 0.5869763 0.6453637 0.5251707 0.2405877 0.2868923 0.2273395 0.4360621 1.3724724 8.9999990 
AF009478.1 8.9999988 8.9999987 4.4619941 3.6844139 3.4665909 8.9999987 0.6501703 0.0844322 0.0000000 0.4207598 0.7962499 0.2579949 0.2513317 0.1771217 0.1887098 0.2328295 0.3933095 0.2641928 0.5884843 0.4182011 0.6163604 0.4708992 0.3911677 0.2625225 0.2270832 0.5792119 0.7436933 0.6523967 0.5314621 0.2417292 0.2885487 0.2286079 0.4394345 1.2831193 8.9999987 
AF009503.1 8.9999980 8.9999985 8.9999982 4.9556635 4.2273325 8.9999990 1.5942246 0.3003132 0.4207598 0.0000000 1.0080001 0.4129699 0.4056387 0.3572828 0.3047843 0.2978452 0.5641512 0.4359756 0.5918780 0.5133898 0.4663348 0.5614777 0.5668161 0.3981290 0.3696971 0.7939164 0.7151766 0.9568829 0.5347738 0.3650791 0.4387245 0.3723907 0.6468265 1.5044054 8.9999985 
AF009475.1 8.9999983 8.9999988 4.1898384 3.6664060 5.0110361 3.7041050 2.0110559 0.7908342 0.7962499 1.0080001 0.0000000 0.6856422 0.6856422 0.6363950 0.6544134 0.6363950 0.8756678 0.9276268 0.8557678 1.0821139 0.7876714 1.0705262 0.7876714 0.8329827 0.7971969 1.2873575 0.8697579 1.5838935 1.2228707 0.7369123 0.8969162 0.8238897 1.3984994 1.8187090 8.9999980 
AF009479.1 8.9999986 8.9999989 8.9999983 4.4077163 5.8443077 3.2194065 0.8120398 0.2566671 0.2579949 0.4129699 0.6856422 0.0000000 0.0000010 0.1433984 0.1486181 0.1451660 0.0881131 0.0584318 0.0994706 0.2001181 0.0429280 0.1882963 0.0429280 0.1544029 0.1103234 0.4288420 0.4563776 0.4557712 0.2889823 0.2056812 0.1685641 0.1110453 0.4788904 1.2538209 8.9999987 
AF009480.1 8.9999984 8.9999988 8.9999983 4.4077163 5.8384328 3.1982637 0.8120398 0.3065406 0.2513317 0.4056387 0.6856422 0.0000010 0.0000000 0.1406121 0.1486181 0.1429546 0.0868838 0.0584318 0.0979094 0.1959827 0.0423391 0.1855511 0.0423391 0.1531437 0.1103234 0.4288420 0.5927040 0.4557712 0.3725014 0.2040184 0.1685641 0.1110453 0.4732978 1.2326479 8.9999986 
AF009477.1 8.9999990 8.9999982 5.6029230 4.3754620 3.9022311 8.9999986 1.3568535 0.2804109 0.1771217 0.3572828 0.6363950 0.1433984 0.1406121 0.0000000 0.0000010 0.0415624 0.1453836 0.0000010 0.2799167 0.2540350 0.2557546 0.4664390 0.2570857 0.1461127 0.1050230 0.3972475 0.5966375 0.4123442 0.3448689 0.1357029 0.1600401 0.1056747 0.4344427 1.0897050 8.9999987 
AF009487.1 8.9999981 8.9999985 5.6029230 4.3754620 3.8646921 8.9999982 1.3568535 0.1878594 0.1887098 0.3047843 0.6544134 0.1486181 0.1486181 0.0000010 0.0000000 0.0000010 0.1488444 0.0000010 0.2222542 0.1879995 0.2056812 0.4011886 0.2056812 0.1472546 0.1050230 0.3972475 0.3577674 0.4123442 0.2691560 0.1366857 0.1600401 0.1056747 0.4390862 1.1068352 8.9999988 
AF009489.1 8.9999989 8.9999982 5.6029230 4.3754620 3.8557701 8.9999989 1.3568535 0.2869924 0.2328295 0.2978452 0.6363950 0.1451660 0.1429546 0.0415624 0.0000010 0.0000000 0.1453836 0.0000010 0.2165707 0.1825967 0.1982182 0.3908869 0.2573295 0.1461127 0.1050230 0.3972475 0.4689158 0.4123442 0.3448689 0.1357029 0.1600401 0.1056747 0.4344427 1.0897050 8.9999987 
AF009483.1 8.9999984 8.9999987 8.9999988 4.1603820 5.1884490 3.4388193 1.0913650 0.4661488 0.3933095 0.5641512 0.8756678 0.0881131 0.0868838 0.1453836 0.1488444 0.1453836 0.0000000 0.0585205 0.2080073 0.3563321 0.1342769 0.2942282 0.1342769 0.2736133 0.2370480 0.6256438 0.8273423 0.7308564 0.5745590 0.3280422 0.3022497 0.2387262 0.6928518 1.4445019 8.9999980 
AF009490.1 8.9999984 8.9999988 6.0950328 5.8004892 4.6991523 8.9999982 1.7041868 0.2624753 0.2641928 0.4359756 0.9276268 0.0584318 0.0584318 0.0000010 0.0000010 0.0000010 0.0585205 0.0000000 0.1899552 0.1952986 0.1216905 0.3415803 0.1216905 0.1216905 0.1216905 0.1216905 0.3389116 0.4252165 0.2804700 0.1888295 0.1888295 0.1216905 0.4592837 1.3202203 8.9999981 
AF009485.1 8.9999982 8.9999981 8.9999989 5.1398671 5.1936565 8.9999983 1.3219110 0.5075589 0.5884843 0.5918780 0.8557678 0.0994706 0.0979094 0.2799167 0.2222542 0.2165707 0.2080073 0.1899552 0.0000000 0.1938309 0.0953820 0.2060585 0.0972942 0.1678973 0.1102525 0.4284989 0.7685486 0.4552942 0.3721869 0.1592098 0.1684542 0.1109734 0.7062265 1.2319218 8.9999980 
AF009500.1 8.9999985 8.9999989 6.1027534 6.5857563 4.7654418 8.9999983 8.9999982 0.5069160 0.4182011 0.5133898 1.0821139 0.2001181 0.1959827 0.2540350 0.1879995 0.1825967 0.3563321 0.1952986 0.1938309 0.0000000 0.1237691 0.3514949 0.1943301 0.0577874 0.0597530 0.0597530 0.5965034 0.3153846 0.2665027 0.1193136 0.1204596 0.0583318 0.3497555 1.1668770 8.9999981 
AF009481.1 8.9999980 8.9999983 8.9999986 4.5021141 5.9581208 3.2200096 0.9608566 0.4613810 0.6163604 0.4663348 0.7876714 0.0429280 0.0423391 0.2557546 0.2056812 0.1982182 0.1342769 0.1216905 0.0953820 0.1237691 0.0000000 0.1341602 0.0421091 0.0985554 0.0531860 0.3402779 0.6109305 0.3403321 0.2831324 0.1476666 0.1082389 0.0535205 0.5842285 1.1025696 8.9999986 
AF009486.1 8.9999981 8.9999984 8.9999984 4.4653603 5.8534196 3.4970730 1.1098218 0.5504167 0.4708992 0.5614777 1.0705262 0.1882963 0.1855511 0.4664390 0.4011886 0.3908869 0.2942282 0.3415803 0.2060585 0.3514949 0.1341602 0.0000000 0.1844469 0.2731417 0.2366566 0.6219655 0.8208802 0.7233949 0.5713623 0.3273781 0.3016280 0.2383270 0.6980599 1.4177922 8.9999987 
AF009504.1 8.9999983 8.9999986 8.9999986 4.5021141 6.1863254 3.2200096 0.9608566 0.3902567 0.3911677 0.5668161 0.7876714 0.0429280 0.0423391 0.2570857 0.2056812 0.2573295 0.1342769 0.1216905 0.0972942 0.1943301 0.0421091 0.1844469 0.0000000 0.0985554 0.0531860 0.3402779 0.6267005 0.3403321 0.2831324 0.1476666 0.1082389 0.0535205 0.5842285 1.1025696 8.9999986 
AF009491.1 8.9999983 8.9999982 5.9103072 6.6703686 4.6989728 8.9999982 8.9999990 0.2611540 0.2625225 0.3981290 0.8329827 0.1544029 0.1531437 0.1461127 0.1472546 0.1461127 0.2736133 0.1216905 0.1678973 0.0577874 0.0985554 0.2731417 0.0985554 0.0000000 0.0532616 0.2607350 0.3892690 0.2238885 0.1234775 0.0943240 0.1083835 0.0535969 0.4388412 1.1104047 8.9999984 
AF009506.1 8.9999982 8.9999981 5.9103072 5.3037421 4.3806195 8.9999983 2.2702506 0.2258325 0.2270832 0.3696971 0.7971969 0.1103234 0.1103234 0.1050230 0.1050230 0.1050230 0.2370480 0.1216905 0.1102525 0.0597530 0.0531860 0.2366566 0.0531860 0.0532616 0.0000000 0.2456516 0.1618151 0.2265430 0.1279378 0.0507969 0.0515583 0.0000010 0.4566878 0.9326806 8.9999990 
AF009498.1 8.9999985 8.9999988 5.9103072 5.0216957 4.3522263 8.9999989 3.4719139 0.5746056 0.5792119 0.7939164 1.2873575 0.4288420 0.4288420 0.3972475 0.3972475 0.3972475 0.6256438 0.1216905 0.4284989 0.0597530 0.3402779 0.6219655 0.3402779 0.2607350 0.2456516 0.0000000 0.4770082 0.2265430 0.1279378 0.3175172 0.3175172 0.2456516 0.4566878 1.4158591 8.9999989 
AF009488.1 8.9999989 8.9999983 4.5960454 3.8245300 3.6603204 8.9999989 1.1322401 0.5869763 0.7436933 0.7151766 0.8697579 0.4563776 0.5927040 0.5966375 0.3577674 0.4689158 0.8273423 0.3389116 0.7685486 0.5965034 0.6109305 0.8208802 0.6267005 0.3892690 0.1618151 0.4770082 0.0000000 0.1424290 0.4325524 0.2402920 0.2207420 0.2912758 1.0787290 1.5535611 8.9999987 
AF009496.1 8.9999985 8.9999984 3.9442333 4.0337746 3.7515742 8.9999988 8.9999983 0.6453637 0.6523967 0.9568829 1.5838935 0.4557712 0.4557712 0.4123442 0.4123442 0.4123442 0.7308564 0.4252165 0.4552942 0.3153846 0.3403321 0.7233949 0.3403321 0.2238885 0.2265430 0.2265430 0.1424290 0.0000000 0.2251765 0.1424290 0.1424290 0.2238885 0.9181953 1.7632088 8.9999985 
AF009502.1 8.9999983 8.9999989 4.4980790 4.6289653 4.2425780 8.9999986 2.6921008 0.5251707 0.5314621 0.5347738 1.2228707 0.2889823 0.3725014 0.3448689 0.2691560 0.3448689 0.5745590 0.2804700 0.3721869 0.2665027 0.2831324 0.5713623 0.2831324 0.1234775 0.1279378 0.1279378 0.4325524 0.2251765 0.0000000 0.0595023 0.0600795 0.1247036 0.6354940 1.4309003 8.9999988 
AF009492.1 8.9999987 8.9999989 4.5960454 3.8245300 3.5374766 8.9999987 1.1322401 0.2405877 0.2417292 0.3650791 0.7369123 0.2056812 0.2040184 0.1357029 0.1366857 0.1357029 0.3280422 0.1888295 0.1592098 0.1193136 0.1476666 0.3273781 0.1476666 0.0943240 0.0507969 0.3175172 0.2402920 0.1424290 0.0595023 0.0000000 0.0000010 0.0511014 0.5308637 0.9897527 8.9999988 
AF009494.1 8.9999986 8.9999986 4.5960454 4.2758286 3.8584755 8.9999984 1.4913556 0.2868923 0.2885487 0.4387245 0.8969162 0.1685641 0.1685641 0.1600401 0.1600401 0.1600401 0.3022497 0.1888295 0.1684542 0.1204596 0.1082389 0.3016280 0.1082389 0.1083835 0.0515583 0.3175172 0.2207420 0.1424290 0.0600795 0.0000010 0.0000000 0.0511014 0.5365957 0.9979183 8.9999989 
AF009493.1 8.9999982 8.9999989 5.9103072 5.4079531 4.3954052 8.9999984 2.5904224 0.2273395 0.2286079 0.3723907 0.8238897 0.1110453 0.1110453 0.1056747 0.1056747 0.1056747 0.2387262 0.1216905 0.1109734 0.0583318 0.0535205 0.2383270 0.0535205 0.0535969 0.0000010 0.2456516 0.2912758 0.2238885 0.1247036 0.0511014 0.0511014 0.0000000 0.4435775 0.9093747 8.9999982 
AF009499.1 8.9999985 8.9999985 8.6676648 8.9999986 4.9467591 8.9999983 5.1490217 0.4360621 0.4394345 0.6468265 1.3984994 0.4788904 0.4732978 0.4344427 0.4390862 0.4344427 0.6928518 0.4592837 0.7062265 0.3497555 0.5842285 0.6980599 0.5842285 0.4388412 0.4566878 0.4566878 1.0787290 0.9181953 0.6354940 0.5308637 0.5365957 0.4435775 0.0000000 1.6960819 8.9999985 
AF009505.1 8.9999986 8.9999985 8.9999981 8.9999990 4.4096176 8.9999981 3.4954936 1.3724724 1.2831193 1.5044054 1.8187090 1.2538209 1.2326479 1.0897050 1.1068352 1.0897050 1.4445019 1.3202203 1.2319218 1.1668770 1.1025696 1.4177922 1.1025696 1.1104047 0.9326806 1.4158591 1.5535611 1.7632088 1.4309003 0.9897527 0.9979183 0.9093747 1.6960819 0.0000000 8.9999989 
AF009508.1 8.9999981 8.9999987 8.9999989 8.9999982 8.9999981 8.9999985 8.9999989 8.9999990 8.9999987 8.9999985 8.9999980 8.9999987 8.9999986 8.9999987 8.9999988 8.9999987 8.9999980 8.9999981 8.9999980 8.9999981 8.9999986 8.9999987 8.9999986 8.9999984 8.9999990 8.9999989 8.9999987 8.9999985 8.9999988 8.9999988 8.9999989 8.9999982 8.9999985 8.9999989 0.0000000 
