35
32         0.0000000 0.2918646 3.3607798 2.1720936 2.1464991 1.9588104 2.4123072 2.6458549 2.5639367 2.6457350 2.9905207 2.4905577 2.4267369 2.4343689 2.4798037 2.3864380 2.5464567 3.7551958 2.6024472 3.4946206 2.3529098 2.5748078 2.4656593 2.4621128 2.8892268 3.5853951 2.5962266 4.0895741 3.8894783 2.3842970 2.7381284 2.8397901 4.1142394 3.2820131 3.9159109 
34         0.2918646 0.0000000 2.0453013 1.2728989 1.3377987 1.9531751 2.5953240 2.7246116 2.6166314 2.8630449 2.9837050 2.4054504 2.3525963 2.5345918 2.6846895 2.5075072 2.5225784 4.2047240 2.8937513 4.0433241 2.3583786 2.5766352 2.4365119 2.7186476 3.2691741 4.1198161 2.7022337 4.7456839 4.4793383 2.5915493 3.1834561 3.3015870 4.7285607 2.1554944 3.2551878 
20         3.3607798 2.0453013 0.0000000 0.0000010 0.3806403 0.9992060 1.2317467 1.5385355 1.4925016 1.5613405 2.2855405 1.6561782 1.6561782 1.6541525 1.6541525 1.6541525 1.7844846 1.6214445 1.7941770 1.7383583 1.7289142 1.7900470 1.7289142 1.6660097 1.6660097 1.6660097 1.6640516 1.7782398 1.5995583 1.6640516 1.6640516 1.6660097 1.5907381 0.8503470 4.5533134 
26         2.1720936 1.2728989 0.0000010 0.0000000 0.1362165 0.5576852 0.7698507 0.9214116 0.8949421 0.9308031 1.3989827 0.9591552 0.9591552 0.9978442 0.9978442 0.9978442 1.0399270 1.4564150 1.1935406 1.5843733 1.0026297 1.0416236 1.0026297 1.0563689 1.2085779 1.5699641 1.0075856 1.7456999 1.5326380 1.0075856 1.2269732 1.2576355 1.5412154 0.6172632 2.5261718 
22         2.1464991 1.3377987 0.3806403 0.1362165 0.0000000 0.8063082 1.0368926 1.1457372 1.0771036 1.1632568 0.9448112 1.2122553 1.1869039 1.1764163 1.1782198 1.1422820 1.2672547 1.8226466 1.4072660 1.7965329 1.2095415 1.2563702 1.2623367 1.2562499 1.4927429 1.8960369 1.3467996 2.1077093 1.9803388 1.1745267 1.4668991 1.5053523 1.9450425 0.8240912 2.3622916 
7          1.9588104 1.9531751 0.9992060 0.5576852 0.8063082 0.0000000 0.0854431 0.2493717 0.2559476 0.3293134 0.6063768 0.2346196 0.2478573 0.3037511 0.3215070 0.3110950 0.2986409 0.4472245 0.2960535 0.4381565 0.2190968 0.2474908 0.2190968 0.2812926 0.3132182 0.5165958 0.2492847 0.5613786 0.4756393 0.2717910 0.3184951 0.3224093 0.5656295 0.8270200 2.4649845 
9          2.4123072 2.5953240 1.2317467 0.7698507 1.0368926 0.0854431 0.0000000 0.0857210 0.0864818 0.1546549 0.3912224 0.1070456 0.1070456 0.1495053 0.1495053 0.1495053 0.1408994 0.1865778 0.1608121 0.2607355 0.1243755 0.1425006 0.1243755 0.1760322 0.1779111 0.3293635 0.1434613 0.3468643 0.2789558 0.1434613 0.1741578 0.1855869 0.3175040 0.6329686 3.3481685 
1/2        2.6458549 2.7246116 1.5385355 0.9214116 1.1457372 0.2493717 0.0857210 0.0000000 0.0105832 0.0388991 0.1170675 0.0340125 0.0407957 0.0361545 0.0238897 0.0370448 0.0628028 0.0337337 0.0683626 0.0679228 0.0622259 0.0746780 0.0523685 0.0341085 0.0288983 0.0778410 0.0799812 0.0886764 0.0705321 0.0308359 0.0370181 0.0290977 0.0576128 0.3561860 3.1354768 
3          2.5639367 2.6166314 1.4925016 0.8949421 1.0771036 0.2559476 0.0864818 0.0105832 0.0000000 0.0555328 0.1181936 0.0341968 0.0332689 0.0224899 0.0239989 0.0298071 0.0527253 0.0339601 0.0799503 0.0551170 0.0837424 0.0635530 0.0524477 0.0342941 0.0290616 0.0785344 0.1066770 0.0897062 0.0716075 0.0309856 0.0372391 0.0292634 0.0580918 0.3122758 3.1617382 
28         2.6457350 2.8630449 1.5613405 0.9308031 1.1632568 0.3293134 0.1546549 0.0388991 0.0555328 0.0000000 0.1851536 0.0556176 0.0545847 0.0466527 0.0394590 0.0385180 0.0766006 0.0576933 0.0806227 0.0690063 0.0630049 0.0763580 0.0770721 0.0529439 0.0483879 0.1161646 0.1017868 0.1425446 0.0722695 0.0477329 0.0581069 0.0487622 0.0903415 0.4052615 3.6342821 
1          2.9905207 2.9837050 2.2855405 1.3989827 0.9448112 0.6063768 0.3912224 0.1170675 0.1181936 0.1851536 0.0000000 0.0951764 0.0951764 0.0881229 0.0911651 0.0881229 0.1300203 0.1553951 0.1320871 0.2240252 0.1126099 0.1828757 0.1126099 0.1209595 0.1182903 0.3351305 0.1386430 0.4032803 0.3139358 0.1062826 0.1447001 0.1244517 0.4308692 0.6553910 3.2450760 
4          2.4905577 2.4054504 1.6561782 0.9591552 1.2122553 0.2346196 0.1070456 0.0340125 0.0341968 0.0556176 0.0951764 0.0000000 0.0000010 0.0187230 0.0194371 0.0189643 0.0110381 0.0072787 0.0124851 0.0260792 0.0053412 0.0239614 0.0053412 0.0202523 0.0141441 0.0572988 0.0615860 0.0621290 0.0380979 0.0271168 0.0217762 0.0142400 0.0643393 0.2246589 3.2413532 
5          2.4267369 2.3525963 1.6561782 0.9591552 1.1869039 0.2478573 0.1070456 0.0407957 0.0332689 0.0545847 0.0951764 0.0000010 0.0000000 0.0183407 0.0194371 0.0186588 0.0108803 0.0072787 0.0122840 0.0255134 0.0052664 0.0236006 0.0052664 0.0200772 0.0141441 0.0572988 0.0808769 0.0621290 0.0496035 0.0268848 0.0217762 0.0142400 0.0635426 0.2162252 3.0915927 
2          2.4343689 2.5345918 1.6541525 0.9978442 1.1764163 0.3037511 0.1495053 0.0361545 0.0224899 0.0466527 0.0881229 0.0187230 0.0183407 0.0000000 0.0000010 0.0051681 0.0190076 0.0000010 0.0366965 0.0326474 0.0338948 0.0629251 0.0340744 0.0187722 0.0131843 0.0521764 0.0820487 0.0551761 0.0449497 0.0171089 0.0202492 0.0132676 0.0573783 0.2114928 3.3576068 
12         2.4798037 2.6846895 1.6541525 0.9978442 1.1782198 0.3215070 0.1495053 0.0238897 0.0239989 0.0394590 0.0911651 0.0194371 0.0194371 0.0000010 0.0000000 0.0000010 0.0194872 0.0000010 0.0289167 0.0239132 0.0271168 0.0538818 0.0271168 0.0189253 0.0131843 0.0521764 0.0466749 0.0551761 0.0346451 0.0172363 0.0202492 0.0132676 0.0580421 0.2213469 3.5977263 
14         2.3864380 2.5075072 1.6541525 0.9978442 1.1422820 0.3110950 0.1495053 0.0370448 0.0298071 0.0385180 0.0881229 0.0189643 0.0186588 0.0051681 0.0000010 0.0000000 0.0190076 0.0000010 0.0281416 0.0232030 0.0260783 0.0524353 0.0341157 0.0187722 0.0131843 0.0521764 0.0624801 0.0551761 0.0449497 0.0171089 0.0202492 0.0132676 0.0573783 0.2114928 3.4553145 
8          2.5464567 2.5225784 1.7844846 1.0399270 1.2672547 0.2986409 0.1408994 0.0628028 0.0527253 0.0766006 0.1300203 0.0110381 0.0108803 0.0190076 0.0194872 0.0190076 0.0000000 0.0072997 0.0265395 0.0472878 0.0169411 0.0380050 0.0169411 0.0363899 0.0309319 0.0852893 0.1155042 0.0990571 0.0782505 0.0438048 0.0397351 0.0311615 0.0957305 0.2993736 3.5366287 
15         3.7551958 4.2047240 1.6214445 1.4564150 1.8226466 0.4472245 0.1865778 0.0337337 0.0339601 0.0576933 0.1553951 0.0072787 0.0072787 0.0000010 0.0000010 0.0000010 0.0072997 0.0000000 0.0241632 0.0248663 0.0153140 0.0444299 0.0153140 0.0153140 0.0153140 0.0153140 0.0440641 0.0570061 0.0361634 0.0239931 0.0239931 0.0153140 0.0609368 0.3233147 6.4138080 
10         2.6024472 2.8937513 1.7941770 1.1935406 1.4072660 0.2960535 0.1608121 0.0683626 0.0799503 0.0806227 0.1320871 0.0124851 0.0122840 0.0366965 0.0289167 0.0281416 0.0265395 0.0241632 0.0000000 0.0252191 0.0119669 0.0262847 0.0122056 0.0221254 0.0141346 0.0572507 0.1087216 0.0620626 0.0495592 0.0205205 0.0217613 0.0142303 0.0978003 0.2159344 4.2268619 
25         3.4946206 4.0433241 1.7383583 1.5843733 1.7965329 0.4381565 0.2607355 0.0679228 0.0551170 0.0690063 0.2240252 0.0260792 0.0255134 0.0326474 0.0239132 0.0232030 0.0472878 0.0248663 0.0252191 0.0000000 0.0159362 0.0465714 0.0252878 0.0072074 0.0074561 0.0074561 0.0819503 0.0417391 0.0343200 0.0150128 0.0151610 0.0072769 0.0455549 0.2476263 6.1915308 
6          2.3529098 2.3583786 1.7289142 1.0026297 1.2095415 0.2190968 0.1243755 0.0622259 0.0837424 0.0630049 0.1126099 0.0053412 0.0052664 0.0338948 0.0271168 0.0260783 0.0169411 0.0153140 0.0119669 0.0159362 0.0000000 0.0169317 0.0052375 0.0128145 0.0067568 0.0450433 0.0834653 0.0461783 0.0372858 0.0193060 0.0138552 0.0068005 0.0794725 0.1791623 3.2952406 
11         2.5748078 2.5766352 1.7900470 1.0416236 1.2563702 0.2474908 0.1425006 0.0746780 0.0635530 0.0763580 0.1828757 0.0239614 0.0236006 0.0629251 0.0538818 0.0524353 0.0380050 0.0444299 0.0262847 0.0465714 0.0169317 0.0000000 0.0234561 0.0363123 0.0308756 0.0845659 0.1144071 0.0978664 0.0776046 0.0436853 0.0396313 0.0311039 0.0968232 0.2984110 3.4308453 
29         2.4656593 2.4365119 1.7289142 1.0026297 1.2623367 0.2190968 0.1243755 0.0523685 0.0524477 0.0770721 0.1126099 0.0053412 0.0052664 0.0340744 0.0271168 0.0341157 0.0169411 0.0153140 0.0122056 0.0252878 0.0052375 0.0234561 0.0000000 0.0128145 0.0067568 0.0450433 0.0857272 0.0461783 0.0372858 0.0193060 0.0138552 0.0068005 0.0794725 0.1791623 3.2952406 
16         2.4621128 2.7186476 1.6660097 1.0563689 1.2562499 0.2812926 0.1760322 0.0341085 0.0342941 0.0529439 0.1209595 0.0202523 0.0200772 0.0187722 0.0189253 0.0187722 0.0363899 0.0153140 0.0221254 0.0072074 0.0128145 0.0363123 0.0128145 0.0000000 0.0067678 0.0342116 0.0516539 0.0292802 0.0155502 0.0120228 0.0138762 0.0068116 0.0580238 0.1824027 3.6358901 
31         2.8892268 3.2691741 1.6660097 1.2085779 1.4927429 0.3132182 0.1779111 0.0288983 0.0290616 0.0483879 0.1182903 0.0141441 0.0141441 0.0131843 0.0131843 0.0131843 0.0309319 0.0153140 0.0141346 0.0074561 0.0067568 0.0308756 0.0067568 0.0067678 0.0000000 0.0315485 0.0204659 0.0296454 0.0161260 0.0063220 0.0064183 0.0000010 0.0605817 0.1526779 4.4536693 
23         3.5853951 4.1198161 1.6660097 1.5699641 1.8960369 0.5165958 0.3293635 0.0778410 0.0785344 0.1161646 0.3351305 0.0572988 0.0572988 0.0521764 0.0521764 0.0521764 0.0852893 0.0153140 0.0572507 0.0074561 0.0450433 0.0845659 0.0450433 0.0342116 0.0315485 0.0000000 0.0635444 0.0296454 0.0161260 0.0411826 0.0411826 0.0315485 0.0605817 0.3736821 5.8563560 
13         2.5962266 2.7022337 1.6640516 1.0075856 1.3467996 0.2492847 0.1434613 0.0799812 0.1066770 0.1017868 0.1386430 0.0615860 0.0808769 0.0820487 0.0466749 0.0624801 0.1155042 0.0440641 0.1087216 0.0819503 0.0834653 0.1144071 0.0857272 0.0516539 0.0204659 0.0635444 0.0000000 0.0184315 0.0572078 0.0307960 0.0281987 0.0375932 0.2176947 0.4409827 3.1078398 
21         4.0895741 4.7456839 1.7782398 1.7456999 2.1077093 0.5613786 0.3468643 0.0886764 0.0897062 0.1425446 0.4032803 0.0621290 0.0621290 0.0551761 0.0551761 0.0551761 0.0990571 0.0570061 0.0620626 0.0417391 0.0461783 0.0978664 0.0461783 0.0292802 0.0296454 0.0296454 0.0184315 0.0000000 0.0294873 0.0184315 0.0184315 0.0292802 0.1357865 0.4349063 8.1204130 
27         3.8894783 4.4793383 1.5995583 1.5326380 1.9803388 0.4756393 0.2789558 0.0705321 0.0716075 0.0722695 0.3139358 0.0380979 0.0496035 0.0449497 0.0346451 0.0449497 0.0782505 0.0361634 0.0495592 0.0343200 0.0372858 0.0776046 0.0372858 0.0155502 0.0161260 0.0161260 0.0572078 0.0294873 0.0000000 0.0074228 0.0074965 0.0157089 0.0881436 0.3798727 6.8682998 
17         2.3842970 2.5915493 1.6640516 1.0075856 1.1745267 0.2717910 0.1434613 0.0308359 0.0309856 0.0477329 0.1062826 0.0271168 0.0268848 0.0171089 0.0172363 0.0171089 0.0438048 0.0239931 0.0205205 0.0150128 0.0193060 0.0436853 0.0193060 0.0120228 0.0063220 0.0411826 0.0307960 0.0184315 0.0074228 0.0000000 0.0000010 0.0063603 0.0715367 0.1725286 3.4328537 
19         2.7381284 3.1834561 1.6640516 1.2269732 1.4668991 0.3184951 0.1741578 0.0370181 0.0372391 0.0581069 0.1447001 0.0217762 0.0217762 0.0202492 0.0202492 0.0202492 0.0397351 0.0239931 0.0217613 0.0151610 0.0138552 0.0396313 0.0138552 0.0138762 0.0064183 0.0411826 0.0281987 0.0184315 0.0074965 0.0000010 0.0000000 0.0063603 0.0724142 0.1761139 4.4942498 
18         2.8397901 3.3015870 1.6660097 1.2576355 1.5053523 0.3224093 0.1855869 0.0290977 0.0292634 0.0487622 0.1244517 0.0142400 0.0142400 0.0132676 0.0132676 0.0132676 0.0311615 0.0153140 0.0142303 0.0072769 0.0068005 0.0311039 0.0068005 0.0068116 0.0000010 0.0315485 0.0375932 0.0292802 0.0157089 0.0063603 0.0063603 0.0000000 0.0587014 0.1455777 4.7126409 
24         4.1142394 4.7285607 1.5907381 1.5412154 1.9450425 0.5656295 0.3175040 0.0576128 0.0580918 0.0903415 0.4308692 0.0643393 0.0635426 0.0573783 0.0580421 0.0573783 0.0957305 0.0609368 0.0978003 0.0455549 0.0794725 0.0968232 0.0794725 0.0580238 0.0605817 0.0605817 0.2176947 0.1357865 0.0881436 0.0715367 0.0724142 0.0587014 0.0000000 0.5388970 6.6095197 
30         3.2820131 2.1554944 0.8503470 0.6172632 0.8240912 0.8270200 0.6329686 0.3561860 0.3122758 0.4052615 0.6553910 0.2246589 0.2162252 0.2114928 0.2213469 0.2114928 0.2993736 0.3233147 0.2159344 0.2476263 0.1791623 0.2984110 0.1791623 0.1824027 0.1526779 0.3736821 0.4409827 0.4349063 0.3798727 0.1725286 0.1761139 0.1455777 0.5388970 0.0000000 4.8386419 
33         3.9159109 3.2551878 4.5533134 2.5261718 2.3622916 2.4649845 3.3481685 3.1354768 3.1617382 3.6342821 3.2450760 3.2413532 3.0915927 3.3576068 3.5977263 3.4553145 3.5366287 6.4138080 4.2268619 6.1915308 3.2952406 3.4308453 3.2952406 3.6358901 4.4536693 5.8563560 3.1078398 8.1204130 6.8682998 3.4328537 4.4942498 4.7126409 6.6095197 4.8386419 0.0000000 
